inputSize ExecutionTime (milliseconds)
10         0
10         1
10         17
10         0
10         0
10         1
10         1
10         0
10         0
10         0
10         0
10         0
10         0
10         0
10         0
10         0
10         0
10         1
10         0
10         0
10         0
10         0
10         0
10         0
10         0
10         0
10         0
10         0
10         0
10         0
10         0
10         0
10         0
10         0
10         0
10         0
10         0
10         0
10         0
10         0
10         0
10         0
10         0
10         0
10         0
10         0
10         0
10         0
10         0
10         0
10         0
10         0
10         0
10         0
10         0
10         0
10         0
10         0
10         0
10         0
10         0
10         0
10         0
10         0
10         0
10         0
10         0
10         0
10         1
10         0
10         0
10         0
10         0
10         0
10         0
10         0
10         0
10         0
10         0
10         0
10         0
10         0
10         0
10         0
10         0
10         0
10         0
10         0
10         1
10         0
10         0
10         0
10         0
10         1
10         0
10         0
10         0
10         0
10         0
10         0
100         10
100         10
100         16
100         9
100         9
100         9
100         7
100         10
100         7
100         7
100         7
100         8
100         7
100         8
100         13
100         7
100         8
100         7
100         8
100         7
100         7
100         9
100         7
100         8
100         7
100         8
100         7
100         8
100         8
100         9
100         7
100         7
100         7
100         8
100         8
100         7
100         7
100         8
100         153
100         7
100         7
100         9
100         7
100         9
100         7
100         7
100         7
100         7
100         9
100         8
100         8
100         8
100         7
100         6
100         10
100         7
100         8
100         7
100         7
100         8
100         7
100         7
100         7
100         8
100         9
100         8
100         8
100         7
100         7
100         7
100         7
100         8
100         8
100         7
100         7
100         8
100         7
100         8
100         9
100         7
100         8
100         7
100         8
100         8
100         10
100         7
100         7
100         7
100         7
100         7
100         7
100         7
100         7
100         8
100         7
100         7
100         7
100         7
100         7
100         8
1000         114
1000         159
1000         122
1000         117
1000         111
1000         133
1000         117
1000         150
1000         125
1000         122
1000         116
1000         332
1000         119
1000         138
1000         129
1000         118
1000         120
1000         122
1000         112
1000         149
1000         120
1000         122
1000         120
1000         114
1000         128
1000         131
1000         116
1000         119
1000         122
1000         175
1000         120
1000         116
1000         117
1000         127
1000         126
1000         142
1000         120
1000         197
1000         119
1000         118
1000         109
1000         151
1000         125
1000         134
1000         902
1000         114
1000         176
1000         116
1000         124
1000         139
1000         121
1000         120
1000         120
1000         115
1000         121
1000         123
1000         122
1000         158
1000         118
1000         114
1000         125
1000         122
1000         116
1000         117
1000         130
1000         118
1000         164
1000         118
1000         117
1000         120
1000         143
1000         114
1000         112
1000         118
1000         116
1000         111
1000         117
1000         121
1000         117
1000         145
1000         113
1000         117
1000         115
1000         111
1000         122
1000         150
1000         107
1000         116
1000         118
1000         133
1000         110
1000         116
1000         120
1000         119
1000         110
1000         122
1000         113
1000         116
1000         162
1000         131
10000         1296
10000         1508
10000         1778
10000         1515
10000         2107
10000         1305
10000         1321
10000         1381
10000         1434
10000         1264
10000         1322
10000         1286
10000         1320
10000         1292
10000         1292
10000         1373
10000         1324
10000         1967
10000         1331
10000         1437
10000         1265
10000         1493
10000         1268
10000         1378
10000         1293
10000         1294
10000         1288
10000         1343
10000         1305
10000         1394
10000         1270
10000         1299
10000         1482
10000         1266
10000         1522
10000         1594
10000         1511
10000         1675
10000         1365
10000         1337
10000         1313
10000         1324
10000         1327
10000         1433
10000         1995
10000         2405
10000         1800
10000         1306
10000         1352
10000         1280
10000         1372
10000         1340
10000         1386
10000         1317
10000         1312
10000         1345
10000         1330
10000         1658
10000         1638
10000         1691
10000         1470
10000         1404
10000         2169
10000         1310
10000         1359
10000         1433
10000         1282
10000         1307
10000         1291
10000         1316
10000         1474
10000         1408
10000         1591
10000         1314
10000         1306
10000         1361
10000         1367
10000         1398
10000         1348
10000         1309
10000         1294
10000         1563
10000         1494
10000         1538
10000         1496
10000         1323
10000         1304
10000         1348
10000         1347
10000         1373
10000         1269
10000         1291
10000         1321
10000         1696
10000         1377
10000         1336
10000         1297
10000         1584
10000         1302
10000         1282
100000         16041
100000         16547
100000         19361
100000         24238
100000         18951
100000         18345
100000         17619
100000         22645
100000         22524
100000         16960
100000         20749
100000         19998
100000         17287
100000         16721
100000         19780
100000         17274
100000         20697
100000         16352
100000         16294
100000         16145
100000         16166
100000         20887
100000         17328
100000         18674
100000         17801
100000         17182
100000         17762
100000         22527
100000         20874
100000         19887
100000         16295
100000         20713
100000         16395
100000         16570
100000         16514
100000         17462
100000         21400
100000         24091
100000         17380
100000         18506
100000         23882
100000         17193
100000         18819
100000         16915
100000         17042
100000         16634
100000         21927
100000         22398
100000         16372
100000         17220
100000         15942
100000         20910
100000         19573
100000         16292
100000         20668
100000         16401
100000         16508
100000         20094
100000         16211
100000         16255
100000         19315
100000         16319
100000         16827
100000         21452
100000         17089
100000         20000
100000         18598
100000         15936
100000         16417
100000         25688
100000         17571
100000         16019
100000         16738
100000         17490
100000         16075
100000         20805
100000         16918
100000         17059
100000         16492
100000         17323
100000         16646
100000         17019
100000         16943
100000         22685
100000         17406
100000         16735
100000         16926
100000         20211
100000         20032
100000         24360
100000         16339
100000         16572
100000         21070
100000         16190
100000         21251
100000         18693
100000         16347
100000         16026
100000         16601
100000         15815